0.600000 -1.391008
0.648400 -0.904431
0.696800 -0.417853
0.745200 0.068724
0.793600 0.555301
0.842000 1.041879
0.890400 1.528456
0.938800 2.015033
0.987200 2.501610
1.035600 2.988188
1.084000 3.474766
1.132400 3.961344
1.180800 4.447922
1.229200 4.934500
1.277600 5.421078
1.326000 5.907656
1.374400 6.394234
1.422800 6.880812
1.471200 7.367390
1.519600 7.853967
1.568000 8.340545
1.616400 8.827124
1.664801 9.313702
1.713201 9.800280
1.761601 10.286858
1.810001 10.773434
1.858401 11.260012
1.906801 11.746590
1.955201 12.233168
2.003601 12.719746
2.052001 13.206324
2.100401 13.692900
2.148801 14.179476
2.197201 14.666054
2.245600 15.152630
2.294000 15.639206
2.342400 16.125784
2.390800 16.612360
2.439200 17.098936
2.487600 17.585514
2.536000 18.072090
2.584400 18.558666
2.632800 19.045244
2.681200 19.531820
2.729600 20.018396
2.778000 20.504972
2.826400 20.991550
2.874799 21.478127
2.923199 21.964703
2.971599 22.451281
3.019999 22.937857
3.068399 23.424433
3.116799 23.911011
3.165199 24.397587
3.213599 24.884165
3.261999 25.370741
3.310399 25.857317
3.358799 26.343893
3.407199 26.830469
3.455599 27.317049
3.503999 27.803625
3.552398 28.290201
3.600798 28.776777
3.649198 29.263353
3.697598 29.749929
3.745998 30.236509
3.794398 30.723085
3.842798 31.209661
3.891198 31.696238
3.939598 32.182816
3.987998 32.669388
4.036398 33.155968
4.084798 33.642548
4.133198 34.129120
4.181598 34.615700
4.229998 35.102280
4.278398 35.588852
4.326797 36.075432
4.375197 36.562004
4.423597 37.048584
4.471997 37.535164
4.520397 38.021736
4.568797 38.508316
4.617197 38.994888
4.665597 39.481468
4.713997 39.968040
4.762397 40.454620
4.810797 40.941200
4.859197 41.427773
4.907597 41.914352
4.955997 42.400925
5.004396 42.887505
5.052796 43.374084
5.101196 43.860657
5.149596 44.347237
5.197996 44.833809
5.246396 45.320389
5.294796 45.806961
5.343196 46.293541
5.391596 46.780121
5.439996 47.266693
