-6.100000 0.234901
-6.034000 0.235440
-5.968000 0.235980
-5.902000 0.236522
-5.836000 0.237065
-5.770000 0.237609
-5.704000 0.238154
-5.638000 0.238701
-5.572000 0.239249
-5.506000 0.239798
-5.440000 0.240348
-5.374000 0.240900
-5.308000 0.241453
-5.242000 0.242007
-5.176000 0.242562
-5.110000 0.243119
-5.044000 0.243677
-4.978000 0.244236
-4.912000 0.244797
-4.846000 0.245359
-4.780000 0.245922
-4.714000 0.246486
-4.648000 0.247052
-4.582000 0.247619
-4.516000 0.248188
-4.450000 0.248757
-4.384000 0.249328
-4.318000 0.249900
-4.252000 0.250474
-4.186000 0.251049
-4.120000 0.251625
-4.054000 0.252203
-3.988000 0.252782
-3.922000 0.253362
-3.856000 0.253943
-3.790000 0.254526
-3.724000 0.255110
-3.658000 0.255696
-3.592000 0.256283
-3.526000 0.256871
-3.460000 0.257461
-3.394000 0.258052
-3.328000 0.258644
-3.262000 0.259237
-3.196000 0.259832
-3.130000 0.260429
-3.064000 0.261027
-2.998000 0.261626
-2.932000 0.262226
-2.866000 0.262828
-2.800000 0.263431
-2.734000 0.264036
-2.668000 0.264642
-2.602000 0.265249
-2.536000 0.265858
-2.470000 0.266468
-2.404000 0.267080
-2.338000 0.267693
-2.272000 0.268307
-2.206000 0.268923
-2.140000 0.269541
-2.074000 0.270159
-2.008000 0.270779
-1.942000 0.271401
-1.876000 0.272024
-1.810000 0.272648
-1.744000 0.273274
-1.678000 0.273901
-1.612000 0.274530
-1.546000 0.275160
-1.480000 0.275791
-1.414000 0.276424
-1.348000 0.277059
-1.282000 0.277695
-1.216000 0.278332
-1.150000 0.278971
-1.084000 0.279611
-1.018000 0.280253
-0.952000 0.280896
-0.886000 0.281541
-0.820000 0.282187
-0.754000 0.282835
-0.688000 0.283484
-0.622000 0.284135
-0.556000 0.284787
-0.490000 0.285441
-0.424000 0.286096
-0.358000 0.286752
-0.292000 0.287411
-0.226000 0.288070
-0.160000 0.288731
-0.094000 0.289394
-0.028000 0.290058
0.038000 0.290724
0.104000 0.291391
0.170000 0.292060
0.236000 0.292731
0.302000 0.293402
0.368000 0.294076
0.434000 0.294751
0.500000 0.295427
0.566000 0.296105
0.632000 0.296785
0.698000 0.297466
0.764000 0.298149
0.830000 0.298833
0.896000 0.299519
0.962000 0.300207
1.028000 0.300896
1.094000 0.301586
1.160000 0.302279
1.226000 0.302972
1.292000 0.303668
1.358000 0.304365
1.424000 0.305063
1.490000 0.305763
1.556000 0.306465
1.622000 0.307169
1.688000 0.307874
1.754000 0.308580
1.820000 0.309289
1.886000 0.309999
1.952000 0.310710
2.018000 0.311423
2.084000 0.312138
2.150000 0.312854
2.216000 0.313572
2.282000 0.314292
2.348000 0.315014
2.414000 0.315737
2.480000 0.316461
2.546000 0.317188
2.612000 0.317916
2.678000 0.318645
2.744000 0.319377
2.810000 0.320110
2.876000 0.320844
2.942000 0.321581
3.008000 0.322319
3.074000 0.323059
3.140000 0.323800
3.206000 0.324543
3.272000 0.325288
3.338000 0.326035
3.404000 0.326783
3.470000 0.327533
3.536000 0.328285
3.602000 0.329039
3.668000 0.329794
3.734000 0.330551
3.800000 0.331310
3.866000 0.332070
3.932000 0.332832
3.998000 0.333596
4.064000 0.334362
4.130000 0.335129
4.196000 0.335898
4.262000 0.336669
4.328000 0.337442
4.394000 0.338217
4.460000 0.338993
4.526000 0.339771
4.592000 0.340551
4.658000 0.341332
4.724000 0.342116
4.790000 0.342901
4.856000 0.343688
4.922000 0.344477
4.988000 0.345268
5.054000 0.346060
5.120000 0.346854
5.186000 0.347651
5.252000 0.348448
5.318000 0.349248
5.384000 0.350050
5.450000 0.350853
5.516000 0.351659
5.582000 0.352466
5.648000 0.353275
5.714000 0.354086
5.780000 0.354898
5.846000 0.355713
5.912000 0.356529
5.978000 0.357348
6.044000 0.358168
6.110000 0.358990
6.176000 0.359814
6.242000 0.360640
6.308000 0.361467
6.374000 0.362297
6.440000 0.363129
6.506000 0.363962
6.572000 0.364797
6.638000 0.365635
6.704000 0.366474
6.770000 0.367315
6.836000 0.368158
6.902000 0.369003
6.968000 0.369850
7.034000 0.370699
7.100000 0.371550
